0.8274509#MBR(3191 2238,3191 2561,3843 2561,3843 2238,3191 2238)#59
0.8358995#MBR(3220 1750,3220 2227,3848 2227,3848 1750,3220 1750)#84
0.77674097#MBR(2549 3074,2549 3814,3034 3814,3034 3074,2549 3074)#58
0.7894638#MBR(3202 2560,3202 3185,3670 3185,3670 2560,3202 2560)#58
0.78603846#MBR(4475 2884,4475 3512,5122 3512,5122 2884,4475 2884)#59
0.7724949#MBR(4486 4313,4486 5042,5107 5042,5107 4313,4486 4313)#53
0.7829671#MBR(4178 4491,4178 5122,5074 5122,5074 4491,4178 4491)#62
0.77752316#MBR(3193 4406,3193 5120,4159 5120,4159 4406,3193 4406)#99
0.79658294#MBR(2555 4320,2555 4959,3187 4959,3187 4320,2555 4320)#59
0.78383994#MBR(1450 3846,1450 4478,2073 4478,2073 3846,1450 3846)#52
0.76479954#MBR(2119 3962,2119 4475,2550 4475,2550 3962,2119 3962)#51
0.81943864#MBR(816 2864,816 6032,2492 6032,2492 2864,816 2864)#71
0.7477425#MBR(1394 5130,1394 5760,2238 5760,2238 5130,1394 5130)#62
0.79236215#MBR(1915 5687,1915 6088,2546 6088,2546 5687,1915 5687)#53
0.76135665#MBR(1618 6386,1618 6727,2546 6727,2546 6386,1618 6386)#69
0.7823346#MBR(1921 6555,1921 7353,2560 7353,2560 6555,1921 6555)#73
0.7641815#MBR(2082 7033,2082 7681,2564 7681,2564 7033,2082 7033)#52
0.7750882#MBR(2251 7683,2251 8295,2884 8295,2884 7683,2251 7683)#53
0.79341984#MBR(2559 7673,2559 8308,3366 8308,3366 7673,2559 7673)#78
0.7942648#MBR(3839 7674,3839 8309,4960 8309,4960 7674,3839 7674)#89
0.810218#MBR(4154 6405,4154 7041,4803 7041,4803 6405,4154 6405)#59
0.74588466#MBR(3559 7201,3559 7675,4472 7675,4472 7201,3559 7201)#54
0.78743476#MBR(2560 5907,2560 6411,3487 6411,3487 5907,2560 5907)#61
0.7536153#MBR(3548 5119,3548 5763,4486 5763,4486 5119,3548 5119)#56
0.7809099#MBR(3841 5442,3841 6402,4302 6402,4302 5442,3841 5442)#61
0.7616467#MBR(7034 6728,7034 7500,7678 7500,7678 6728,7034 6728)#59
0.77896965#MBR(5804 6399,5804 7020,6405 7020,6405 6399,5804 6399)#62
0.79994553#MBR(5128 6431,5128 7321,5602 7321,5602 6431,5128 6431)#56
0.7610016#MBR(5801 8000,5801 8952,6399 8952,6399 8000,5801 8000)#63
0.7414272#MBR(7034 8406,7034 9607,7682 9607,7682 8406,7034 8406)#61
0.78925866#MBR(9275 9602,9275 10230,10147 10230,10147 9602,9275 9602)#83
0.7981048#MBR(8956 8013,8956 8963,9602 8963,9602 8013,8956 8013)#94
0.73943824#MBR(9602 6597,9602 7329,10247 7329,10247 6597,9602 6597)#51
0.74438894#MBR(8024 5768,8024 6396,8966 6396,8966 5768,8024 5768)#58
0.76860076#MBR(8643 5115,8643 6084,9600 6084,9600 5115,8643 5115)#137
0.749682#MBR(9619 5767,9619 6397,10236 6397,10236 5767,9619 5767)#56
0.7898143#MBR(8956 4522,8956 5131,9623 5131,9623 4522,8956 4522)#68
0.7250972#MBR(8322 3198,8322 3841,8801 3841,8801 3198,8322 3198)#51
0.73591113#MBR(8346 4473,8346 5109,8962 5109,8962 4473,8346 4473)#51
0.8091573#MBR(6414 3855,6414 4325,7045 4325,7045 3855,6414 3855)#52
0.7376777#MBR(6602 4484,6602 5126,7046 5126,7046 4484,6602 4484)#54
0.79873#MBR(5762 4489,5762 5124,6622 5124,6622 4489,5762 4489)#54
0.818813#MBR(5757 3731,5757 4484,6407 4484,6407 3731,5757 3731)#84
0.82878107#MBR(5112 2877,5112 3517,5752 3517,5752 2877,5112 2877)#63
0.72469753#MBR(6405 2889,6405 3831,7040 3831,7040 2889,6405 2889)#52
0.79392874#MBR(7641 788,7641 1826,8271 1826,8271 788,7641 788)#53
0.76506716#MBR(7720 2075,7720 2566,8316 2566,8316 2075,7720 2075)#58
0.74719805#MBR(11524 2555,11524 4163,13070 4163,13070 2555,11524 2555)#56
0.76291674#MBR(13426 2883,13426 3513,14082 3513,14082 2883,13426 2883)#57
0.76870465#MBR(12797 4500,12797 5121,13440 5121,13440 4500,12797 4500)#59
0.7572883#MBR(13617 4160,13617 5118,14088 5118,14088 4160,13617 4160)#52
0.78091973#MBR(14724 4188,14724 5125,15359 5125,15359 4188,14724 4188)#53
0.80150306#MBR(14762 3358,14762 4368,15364 4368,15364 3358,14762 3358)#62
0.7994151#MBR(14728 3203,14728 3671,15334 3671,15334 3203,14728 3203)#57
0.8299072#MBR(14100 2873,14100 3506,14726 3506,14726 2873,14100 2873)#59
0.78671825#MBR(14727 1938,14727 2725,15358 2725,15358 1938,14727 1938)#67
0.78010035#MBR(12963 1316,12963 2281,13707 2281,13707 1316,12963 1316)#53
0.8305482#MBR(14871 2,14871 1290,16283 1290,16283 2,14871 2)#108
0.7884946#MBR(16642 3836,16642 4317,17122 4317,17122 3836,16642 3836)#67
0.73968905#MBR(16627 3197,16627 3838,17272 3838,17272 3197,16627 3197)#62
0.78553146#MBR(15363 3204,15363 3519,16006 3519,16006 3204,15363 3204)#54
0.7970436#MBR(15372 3814,15372 4478,15999 4478,15999 3814,15372 3814)#51
0.71744055#MBR(15696 4648,15696 5126,16146 5126,16146 4648,15696 4648)#52
0.7548335#MBR(18521 8318,18521 8940,18878 8940,18878 8318,18521 8318)#56
0.78476465#MBR(18878 8125,18878 8964,19202 8964,19202 8125,18878 8125)#57
0.7775914#MBR(18100 8958,18100 9590,18561 9590,18561 8958,18100 8958)#53
0.7727827#MBR(17920 8966,17920 9683,18224 9683,18224 8966,17920 8966)#52
0.7716737#MBR(17920 9598,17920 9921,18547 9921,18547 9598,17920 9598)#61
0.7640549#MBR(16650 9597,16650 10251,17604 10251,17604 9597,16650 9597)#83
0.7523302#MBR(17275 7689,17275 8318,17924 8318,17924 7689,17275 7689)#74
0.7701782#MBR(16644 7689,16644 8322,17304 8322,17304 7689,16644 7689)#61
0.73643917#MBR(15487 7686,15487 8326,16320 8326,16320 7686,15487 7686)#57
0.7526678#MBR(15998 8966,15998 9739,16644 9739,16644 8966,15998 8966)#71
0.7286821#MBR(15995 9596,15995 10245,16645 10245,16645 9596,15995 9596)#63
0.78321546#MBR(13790 9920,13790 10246,14710 10246,14710 9920,13790 9920)#57
0.7519122#MBR(13588 8322,13588 9256,14084 9256,14084 8322,13588 8322)#57
0.74719566#MBR(14074 7130,14074 7687,15020 7687,15020 7130,14074 7130)#56
0.7485788#MBR(11514 7207,11514 7678,12350 7678,12350 7207,11514 7207)#57
0.71853673#MBR(11515 6967,11515 7365,12162 7365,12162 6967,11515 6967)#53
0.74540645#MBR(11525 5117,11525 6387,12797 6387,12797 5117,11525 5117)#57
0.7002639#MBR(10940 5190,10940 6090,11498 6090,11498 5190,10940 5190)#59
0.7178269#MBR(10558 5127,10558 5751,11200 5751,11200 5127,10558 5127)#62
0.76105016#MBR(10241 6394,10241 7039,10886 7039,10886 6394,10241 6394)#53
0.7590848#MBR(10631 6413,10631 6868,11509 6868,11509 6413,10631 6413)#63
0.74217844#MBR(10896 7030,10896 7682,11526 7682,11526 7030,10896 7030)#68
0.7950577#MBR(10241 8979,10241 9593,11166 9593,11166 8979,10241 8979)#54
0.7881449#MBR(10879 10552,10879 11520,11523 11520,11523 10552,10879 10552)#78
0.80414224#MBR(11563 10249,11563 10868,12797 10868,12797 10249,11563 10249)#83
0.72708076#MBR(12164 10557,12164 11194,12806 11194,12806 10557,12164 10557)#56
0.7883054#MBR(11625 10879,11625 11526,12238 11526,12238 10879,11625 10879)#61
0.81467354#MBR(11528 11363,11528 12160,12082 12160,12082 11363,11528 11363)#53
0.78526914#MBR(11852 11519,11852 12120,12539 12120,12539 11519,11852 11519)#56
0.7497703#MBR(12164 11847,12164 12479,12803 12479,12803 11847,12164 11847)#54
0.79378045#MBR(11524 12162,11524 12788,12160 12788,12160 12162,11524 12162)#58
0.79827434#MBR(11984 14743,11984 15367,12798 15367,12798 14743,11984 14743)#68
0.7847532#MBR(12180 14095,12180 15022,12785 15022,12785 14095,12180 14095)#77
0.783914#MBR(11518 12787,11518 13427,12488 13427,12488 12787,11518 12787)#89
0.82933486#MBR(13488 14394,13488 15360,14077 15360,14077 14394,13488 14394)#53
0.79564315#MBR(14726 14116,14726 14716,15250 14716,15250 14116,14726 14116)#54
0.803407#MBR(14494 13437,14494 14077,15217 14077,15217 13437,14494 13437)#69
0.7633184#MBR(14076 13433,14076 14066,14696 14066,14696 13433,14076 13433)#58
0.8304098#MBR(14415 12813,14415 13438,15190 13438,15190 12813,14415 12813)#67
0.7603464#MBR(14737 11800,14737 12461,15363 12461,15363 11800,14737 11800)#56
0.788424#MBR(13073 12184,13073 12793,13754 12793,13754 12184,13073 12184)#58
0.75959826#MBR(12817 11192,12817 11526,13494 11526,13494 11192,12817 11192)#54
0.74277955#MBR(14097 10550,14097 10885,14716 10885,14716 10550,14097 10550)#51
0.80212444#MBR(14078 15392,14078 16324,14992 16324,14992 15392,14078 15392)#78
0.83809507#MBR(13460 15357,13460 16618,14087 16618,14087 15357,13460 15357)#87
0.8085964#MBR(12889 16002,12889 16631,13439 16631,13439 16002,12889 16002)#64
0.8002547#MBR(11513 16649,11513 17270,11992 17270,11992 16649,11513 16649)#57
0.7815748#MBR(11832 16634,11832 17236,12455 17236,12455 16634,11832 16634)#58
0.8008095#MBR(12169 15374,12169 16323,12803 16323,12803 15374,12169 15374)#81
0.75847095#MBR(10886 15743,10886 16479,11526 16479,11526 15743,10886 15743)#52
0.79860616#MBR(10921 16647,10921 17176,11520 17176,11520 16647,10921 16647)#53
0.79561394#MBR(7416 15365,7416 19397,12326 19397,12326 15365,7416 15365)#54
0.78057784#MBR(8764 16159,8764 17886,10242 17886,10242 16159,8764 16159)#53
0.775316#MBR(9608 16636,9608 17222,10246 17222,10246 16636,9608 16636)#51
0.72783935#MBR(8325 14721,8325 15367,8890 15367,8890 14721,8325 14721)#53
0.7730671#MBR(7678 12796,7678 13432,8883 13432,8883 12796,7678 12796)#89
0.78621936#MBR(8677 12801,8677 14004,9508 14004,9508 12801,8677 12801)#82
0.7236696#MBR(9126 13437,9126 14089,9904 14089,9904 13437,9126 13437)#59
0.7340537#MBR(9354 12164,9354 12633,10072 12633,10072 12164,9354 12164)#57
0.76710534#MBR(9302 11834,9302 12483,9606 12483,9606 11834,9302 11834)#51
0.7245521#MBR(9598 11482,9598 12150,10229 12150,10229 11482,9598 11482)#51
0.7531428#MBR(8006 10245,8006 10878,8958 10878,8958 10245,8006 10245)#71
0.7686971#MBR(7044 12162,7044 12799,8000 12799,8000 12162,7044 12162)#62
0.72352785#MBR(7030 11513,7030 12163,7682 12163,7682 11513,7030 11513)#63
0.774246#MBR(6708 10256,6708 10862,7360 10862,7360 10256,6708 10256)#53
0.7891203#MBR(44310 9489,44310 10244,45056 10244,45056 9489,44310 9489)#74
0.8112712#MBR(44216 8313,44216 8966,44806 8966,44806 8313,44216 8313)#54
0.7610728#MBR(44481 7677,44481 8607,45056 8607,45056 7677,44481 7677)#67
0.79235256#MBR(42517 8958,42517 9586,43042 9586,43042 8958,42517 8958)#54
0.7630599#MBR(43191 12318,43191 12804,43525 12804,43525 12318,43191 12318)#52
0.7735391#MBR(43205 11834,43205 12323,43519 12323,43519 11834,43205 11834)#54
0.7150703#MBR(43529 11128,43529 11524,44003 11524,44003 11128,43529 11128)#52
0.7701191#MBR(44962 10560,44962 11514,45647 11514,45647 10560,44962 10560)#53
0.7268252#MBR(44164 12150,44164 12485,44804 12485,44804 12150,44164 12150)#59
0.74268425#MBR(44481 12794,44481 13441,45133 13441,45133 12794,44481 12794)#53
0.7733567#MBR(44167 14708,44167 15205,44715 15205,44715 14708,44167 14708)#57
0.7614283#MBR(42381 13425,42381 13833,42868 13833,42868 13425,42381 13425)#51
0.7606957#MBR(40962 12801,40962 13761,41603 13761,41603 12801,40962 12801)#87
0.7523532#MBR(41302 14069,41302 14521,42164 14521,42164 14069,41302 14069)#68
0.74333245#MBR(41291 14720,41291 15366,41918 15366,41918 14720,41291 14720)#52
0.7733135#MBR(40962 14739,40962 15681,41446 15681,41446 14739,40962 14739)#64
0.75166804#MBR(41600 15379,41600 16001,42238 16001,42238 15379,41600 15379)#56
0.79704577#MBR(43111 16000,43111 16468,43517 16468,43517 16000,43111 16000)#58
0.8140149#MBR(42243 16317,42243 17143,42568 17143,42568 16317,42243 16317)#68
0.83293945#MBR(42244 19533,42244 20437,42560 20437,42560 19533,42244 19533)#52
0.8278585#MBR(42406 19849,42406 20479,43043 20479,43043 19849,42406 19849)#56
0.8299556#MBR(43040 18555,43040 19287,43513 19287,43513 18555,43040 18555)#53
0.78111464#MBR(44164 18234,44164 18570,44799 18570,44799 18234,44164 18234)#51
0.77123165#MBR(44150 18356,44150 18876,44612 18876,44612 18356,44150 18356)#52
0.7480197#MBR(43840 18400,43840 20070,45703 20070,45703 18400,43840 18400)#57
0.79593784#MBR(44795 16641,44795 18477,45331 18477,45331 16641,44795 16641)#54
0.8020142#MBR(45115 15997,45115 16639,45754 16639,45754 15997,45115 15997)#73
0.7857306#MBR(42246 21766,42246 22723,42869 22723,42869 21766,42246 21766)#53
0.78352964#MBR(42243 20489,42243 21335,42886 21335,42886 20489,42243 20489)#59
0.7876276#MBR(42241 21121,42241 21761,42870 21761,42870 21121,42241 21121)#56
0.7859914#MBR(40967 21842,40967 22411,41601 22411,41601 21842,40967 21842)#51
0.7972735#MBR(41278 21754,41278 22397,42248 22397,42248 21754,41278 21754)#62
0.8327437#MBR(40962 22395,40962 23798,42364 23798,42364 22395,40962 22395)#79
