1	2	1	2062	POLYGON ((3104.0000000000005 3587,3106 3578.9999999999995,3096 3575,3094.9999999999995 3575,3090.0000000000005 3577.9999999999995,3092 3585.9999999999995,3104.0000000000005 3587))
1	2	1	2061	POLYGON ((3097.0000000000005 5826,3097.0000000000005 5821,3090.0000000000005 5818,3089 5818,3089 5824,3097.0000000000005 5826))
1	2	1	2060	POLYGON ((3087 3484,3091 3484,3091 3480,3087 3480,3087 3484))
1	2	1	1568	POLYGON ((2760 2535,2766 2535,2772 2528,2772 2521,2768 2521,2762 2527,2760 2535))
1	2	1	1569	POLYGON ((2766 4733,2774 4732,2774 4722,2765 4718,2764 4718,2760 4723,2760 4729,2766 4733))
1	2	1	1570	POLYGON ((2771 4446,2772 4432,2765 4430,2764 4430,2761 4444,2771 4446))
1	2	1	89	POLYGON ((1524 4858,1532 4857,1535 4852,1534 4843,1527 4841,1526 4841,1521 4845,1524 4858))
1	2	1	1572	POLYGON ((2778 3242,2782 3239,2782 3231,2770 3235,2768 3230,2763 3228,2762 3228,2762 3235,2766 3240,2778 3242))
1	2	1	1573	POLYGON ((2762 3648,2772 3648,2772 3640,2765 3640,2762 3642,2762 3648))
1	2	1	1574	POLYGON ((2780 4587,2783 4573,2778 4569,2771 4569,2762 4576,2762 4582,2780 4587))
