1	31709	POLYGON ((15188 881,15191.999999999998 881,15198 877,15198 868,15186 864,15185.000000000002 864,15183 874.0000000000001,15188 881))	1	30698	POLYGON ((15188 881,15191.999999999998 881,15198 877,15198 868,15186.999999999998 864,15186 864,15183 868,15184 875.9999999999999,15188 881))	191.5	196	198.252	189.248	0.954586	9



1	28719	POLYGON ((14201.999999999998 4327,14201.999999999998 4321,14195 4317,14194 4317,14196 4325,14201.999999999998 4327))	1	27712	POLYGON ((14204 4329,14201.999999999998 4320,14196.999999999998 4318,14196 4318,14196 4325,14204 4329))	48	54	61.87540.125	0.648485	9
1	31705	POLYGON ((15189 2182,15191.999999999998 2179,15191.999999999998 2170,15190.000000000002 2165,15184 2164,15183 2164,15181.999999999998 2179,15189 2182))	1	30696	POLYGON ((15189 2182,15191.999999999998 2179,15191.999999999998 2169,15189 2164,15183 2164,15181.999999999998 2179,15189 2182))	147.5	150	150.415	147.085	0.977864	9
1	26038	POLYGON ((13316 4508,13320 4508,13322.000000000002 4501,13316 4500,13315 4500,13316 4508))	1	25064	POLYGON ((13320 4506,13320 4501,13315 4501,13315 4505,13320 4506))	42	22.5	43.5401	20.9599	0.481394	9
1	31701	POLYGON ((15193 1063,15196 1060,15196 1052,15188 1043,15183 1043,15179 1045,15180 1053,15186 1061,15193 1063))	1	30689	POLYGON ((15193 1063,15196 1060,15196 1052,15189 1042,15184 1042,15179 1046,15180 1053,15186.999999999998 1062,15193 1063))	238.5	252.5	255.008	235.992	0.925431	9
1	36575	POLYGON ((17038 4062,17038 4050,17031 4047,17030 4047,17028 4058.9999999999995,17038 4062))	1	35810	POLYGON ((17038 4062,17038 4050,17031 4047,17030 4047,17028 4057,17038 4062))	112.5	104.5	114.192	102.808	0.900303	9
1	31698	POLYGON ((15184 1947,15185.000000000002 1940.0000000000002,15179 1936.9999999999998,15178 1936.9999999999998,15178 1944.0000000000002,15184 1947))	1	30685	POLYGON ((15184 1947,15184 1935,15179 1935,15177.000000000002 1943,15184 1947))	48.5	62	67.5357	42.9643	0.636171	9
1	26037	POLYGON ((13330 3952,13326 3937,13316 3937,13315 3945,13318 3950,13330 3952))	1	25069	POLYGON ((13329 3952,13330 3946,13326 3938,13317.000000000002 3937,13316 3937,13316 3947.0000000000005,13329 3952))	165.5	150	174.049	141.451	0.812709	9
1	31697	POLYGON ((15186 1717,15199 1714.9999999999998,15199 1711.0000000000002,15188 1706,15186.999999999998 1706,15177.000000000002 1709,15177.000000000002 1713,15186 1717))	1	30679	POLYGON ((15221 1729,15227 1728,15226 1720,15218.000000000002 1714,15195.000000000002 1706,15185.000000000002 1706,15175 1709,15175 1714,15221 1729))	168.5	635	635	168.5	0.265354	9
1	28718	POLYGON ((14204 4864,14211.999999999998 4858,14211.999999999998 4854,14205.000000000002 4846,14196 4845,14195 4845,14193 4853,14198 4859,14198 4863,14204 4864))	1	27703	POLYGON ((14200.000000000002 4863,14206 4863,14211 4858,14210.000000000002 4850,14196.999999999998 4844,14196 4844,14194 4854,14200.000000000002 4863))	246.5	224.5	254.121	216.879	0.853445	9