1	31709	POLYGON ((15188 881,15191.999999999998 881,15198 877,15198 868,15186 864,15185.000000000002 864,15183 874.0000000000001,15188 881))	1	30698	POLYGON ((15188 881,15191.999999999998 881,15198 877,15198 868,15186.999999999998 864,15186 864,15183 868,15184 875.9999999999999,15188 881))	191.5	196	198.252	189.248	0.954586	9
1	28719	POLYGON ((14201.999999999998 4327,14201.999999999998 4321,14195 4317,14194 4317,14196 4325,14201.999999999998 4327))	1	27712	POLYGON ((14204 4329,14201.999999999998 4320,14196.999999999998 4318,14196 4318,14196 4325,14204 4329))	48	54	61.875	40.125	0.648485	9
1	31705	POLYGON ((15189 2182,15191.999999999998 2179,15191.999999999998 2170,15190.000000000002 2165,15184 2164,15183 2164,15181.999999999998 2179,15189 2182))	1	30696	POLYGON ((15189 2182,15191.999999999998 2179,15191.999999999998 2169,15189 2164,15183 2164,15181.999999999998 2179,15189 2182))	147.5	150	150.415	147.085	0.977864	9
1	26038	POLYGON ((13316 4508,13320 4508,13322.000000000002 4501,13316 4500,13315 4500,13316 4508))	1	25064	POLYGON ((13320 4506,13320 4501,13315 4501,13315 4505,13320 4506))	42	22.5	43.5401	20.9599	0.481394	9
1	31701	POLYGON ((15193 1063,15196 1060,15196 1052,15188 1043,15183 1043,15179 1045,15180 1053,15186 1061,15193 1063))	1	30689	POLYGON ((15193 1063,15196 1060,15196 1052,15189 1042,15184 1042,15179 1046,15180 1053,15186.999999999998 1062,15193 1063))	238.5	252.5	255.008	235.992	0.925431	9
1	36575	POLYGON ((17038 4062,17038 4050,17031 4047,17030 4047,17028 4058.9999999999995,17038 4062))	1	35810	POLYGON ((17038 4062,17038 4050,17031 4047,17030 4047,17028 4057,17038 4062))	112.5	104.5	114.192	102.808	0.900303	9
1	31698	POLYGON ((15184 1947,15185.000000000002 1940.0000000000002,15179 1936.9999999999998,15178 1936.9999999999998,15178 1944.0000000000002,15184 1947))	1	30685	POLYGON ((15184 1947,15184 1935,15179 1935,15177.000000000002 1943,15184 1947))	48.5	62	67.5357	42.9643	0.636171	9
1	26037	POLYGON ((13330 3952,13326 3937,13316 3937,13315 3945,13318 3950,13330 3952))	1	25069	POLYGON ((13329 3952,13330 3946,13326 3938,13317.000000000002 3937,13316 3937,13316 3947.0000000000005,13329 3952))	165.5	150	174.049	141.451	0.812709	9
1	31697	POLYGON ((15186 1717,15199 1714.9999999999998,15199 1711.0000000000002,15188 1706,15186.999999999998 1706,15177.000000000002 1709,15177.000000000002 1713,15186 1717))	30679	POLYGON ((15221 1729,15227 1728,15226 1720,15218.000000000002 1714,15195.000000000002 1706,15185.000000000002 1706,15175 1709,15175 1714,15221 1729))	168.5	635	635168.5	0.265354	9
1	28718	POLYGON ((14204 4864,14211.999999999998 4858,14211.999999999998 4854,14205.000000000002 4846,14196 4845,14195 4845,14193 4853,14198 4859,14198 4863,14204 4864))	1	27703	POLYGON ((14200.000000000002 4863,14206 4863,14211 4858,14210.000000000002 4850,14196.999999999998 4844,14196 4844,14194 4854,14200.000000000002 4863))	246.5	224.5	254.121	216.879	0.853445	9
1	31692	POLYGON ((15176 3774,15185.000000000002 3773,15183 3765,15176 3762.9999999999995,15175 3762.9999999999995,15176 3774))	1	30674	POLYGON ((15184 3775,15184 3765,15177.000000000002 3762.0000000000005,15176 3762.0000000000005,15173.999999999998 3772,15184 3775))	81	94.5	100.131	75.3691	0.752705	9
1	26031	POLYGON ((13322.000000000002 1966.0000000000002,13318 1957,13313 1957,13316 1965,13322.000000000002 1966.0000000000002))	1	25060	POLYGON ((13317.000000000002 1966.0000000000002,13322.000000000002 1966.0000000000002,13320 1955.0000000000002,13316 1955.0000000000002,13313 1961,13317.000000000002 1966.0000000000002))	45	69	71.3366	42.6634	0.598057	9
1	35212	POLYGON ((16424 3210,16426 3200,16415 3197,16414 3197,16410 3201,16410 3206,16424 3210))	1	34413	POLYGON ((16418 3211,16424 3210,16426 3201,16422 3197,16415 3197,16411 3201,16411 3206,16418 3211))	145.5	162.5	172.342	135.658	0.787141	9
1	36978	POLYGON ((17252 5568,17250 5557,17253 5556,17253 5552,17247 5551,17246 5551,17245 5565,17252 5568))	1	36242	POLYGON ((17253 5568,17254 5551,17247 5550,17246 5550,17246 5566,17253 5568))	92	125	132.492	84.5078	0.637833	9
1	31691	POLYGON ((15186 1023,15186 1012,15176 1011.0000000000001,15175 1011.0000000000001,15177.000000000002 1021,15186 1023))	1	30678	POLYGON ((15186 1022.0000000000001,15186.999999999998 1012.9999999999999,15176 1011.0000000000001,15175 1011.0000000000001,15177.000000000002 1021,15186 1022.0000000000001))	104	100	108.591	95.4091	0.87861	9
1	26023	POLYGON ((13318.999999999998 1849,13322.000000000002 1846,13320 1839,13310 1839,13313 1848.0000000000002,13318.999999999998 1849))	1	25054	POLYGON ((13320 1850,13322.000000000002 1840.9999999999998,13315 1838,13313.999999999998 1838,13310 1839,13310 1844.0000000000002,13313 1849,13320 1850))	89	108.5	112.245	85.2546	0.759538	9
1	31685	POLYGON ((15190.000000000002 3211,15191.999999999998 3201,15185.000000000002 3197,15186 3189,15177.000000000002 3184,15176 3184,15173.999999999998 3195,15181 3199,15181 3209,15190.000000000002 3211))	1	30673	POLYGON ((15190.000000000002 3211,15191.999999999998 3200,15186 3196,15186 3188,15181.999999999998 3184,15176 3184,15173.999999999998 3194,15180 3199,15181 3209,15190.000000000002 3211))	239.5	270	272.748	236.752	0.868026	9
1	28717	POLYGON ((14198 1718.0000000000002,14203 1712,14203 1707.0000000000002,14196 1703.9999999999998,14195 1703.9999999999998,14193 1717,14198 1718.0000000000002))	1	27701	POLYGON ((14194 1718.0000000000002,14201 1717,14203 1713,14203 1706,14196.999999999998 1703.9999999999998,14196 1703.9999999999998,14193 1709,14194 1718.0000000000002))	99	112.5	115.823	95.6768	0.82606	9
1	35213	POLYGON ((16414 4942,16418 4942,16418 4937,16411 4931,16410 4931,16410 4937,16414 4938,16414 4942))	1	34409	POLYGON ((16414 4942,16418 4942,16415 4931,16411 4930,16410 4930,16410 4937,16414 4942))	49	64.5	68.9492	44.5508	0.646141	9
1	26016	POLYGON ((13313.999999999998 3900,13315 3894,13308 3891,13307 3891,13306 3898,13313.999999999998 3900))	1	25037	POLYGON ((13313.999999999998 3900,13315 3894,13310 3889.9999999999995,13306 3881.0000000000005,13302 3881.0000000000005,13302 3887,13308 3891,13307 3899,13313.999999999998 3900))	56	106.5	114.091	48.4091	0.424303	9
1	31684	POLYGON ((15178 3587,15178 3582,15173 3582,15173 3585.9999999999995,15178 3587))	1	30671	POLYGON ((15179 3588,15179 3583,15173.999999999998 3582,15173 3582,15173 3585.9999999999995,15179 3588))	22.5	27.5	29.1	20.9	0.718213	9
1	36342	POLYGON ((16913 4033,16925 4032,16924 4025,16915 4022.9999999999995,16914 4022.9999999999995,16913 4033))	1	35563	POLYGON ((16921 4034,16924 4032,16924 4025,16916 4022.9999999999995,16915 4022.9999999999995,16912 4025,16912 4031,16921 4034))	94.104.5	111.604	87.3963	0.783095	9
1	35214	POLYGON ((16416 5811,16416 5805,16411 5803,16410 5803,16410 5810,16416 5811))	1	34402	POLYGON ((16407 5816,16416 5813,16416 5804,16411 5803,16410 5803,16407 5816))	40	81.5	81.5	40	0.490798	9
1	26005	POLYGON ((13303 3888.0000000000005,13307 3888.0000000000005,13306 3881.9999999999995,13302 3881.9999999999995,13303 3888.0000000000005))	1	25037	POLYGON ((13313.999999999998 3900,13315 3894,13310 3889.9999999999995,13306 3881.0000000000005,13302 3881.0000000000005,13302 3887,13308 3891,13307 3899,13313.999999999998 3900))	24	106.5	106.594	23.9063	0.224274	9
1	31680	POLYGON ((15181.999999999998 3333.9999999999995,15186 3333.9999999999995,15186.999999999998 3318.9999999999995,15181.999999999998 3310,15177.000000000002 3310,15171 3314,15171 3318.0000000000005,15177.000000000002 3329,15181.999999999998 3333.9999999999995))	30667	POLYGON ((15181.999999999998 3333.9999999999995,15186 3333.9999999999995,15186 3314,15181.999999999998 3310,15175 3310,15171 3313,15172.000000000002 3319.9999999999995,15178 3330,15181.999999999998 3333.9999999999995))	266.5	266.5	278.921	254.079	0.910937	9
1	28715	POLYGON ((14196.999999999998 4443,14206.999999999998 4442,14206 4433,14198 4426,14192.000000000002 4426,14192.000000000002 4436,14196.999999999998 4443))	1	27699	POLYGON ((14196.999999999998 4442,14206.999999999998 4442,14206 4434,14198 4426,14193 4426,14192.000000000002 4435,14196.999999999998 4442))	193	174	193	1740.901554	9
1	35217	POLYGON ((16411 5989,16415 5989,16424 5971,16423 5965,16419 5965,16411 5989))	1	34411	POLYGON ((16410 5991,16415 5990,16425 5972,16423 5963,16419 5963,16415 5969,16410 5991))	132	211.5	211.5	132	0.624113	9
1	26004	POLYGON ((13306 1769,13312.000000000002 1769,13317.000000000002 1757,13315 1753,13308 1753,13303 1757,13302 1765,13306 1769))	1	25035	POLYGON ((13306 1769,13311 1769,13317.000000000002 1762,13316 1754,13308.999999999998 1753,13308 1753,13300.999999999998 1762,13300.999999999998 1766,13306 1769))	180	187.5	198.796	168.704	0.848625	9
1	31677	POLYGON ((15180 5722,15183 5711,15175 5708,15173.999999999998 5708,15170 5712,15170 5717,15172.000000000002 5721,15180 5722))	1	30668	POLYGON ((15179 5722,15183 5710,15175 5708,15173.999999999998 5708,15171 5711,15172.000000000002 5719,15179 5722))	135.5	114	139.38	110.12	0.790069	9
1	36980	POLYGON ((17258 4261,17271 4259,17271 4255,17264 4250,17253 4249,17252 4249,17249 4251,17248 4257,17258 4261))	1	36248	POLYGON ((17270 4260,17270 4255,17266 4252,17252 4250,17251 4250,17252 4259,17270 4260))	205	147.5	206.951	145.549	0.703301	9
1	35218	POLYGON ((16412 5051,16419 5051,16420 5043,16413 5039,16412 5039,16412 5051))	1	34410	POLYGON ((16419 5053,16420 5044,16413 5040,16412 5040,16410 5048,16419 5053))	78	81	92.1528	66.8472	0.725396	9
1	35991	POLYGON ((16746 4064,16746 4054,16737 4051.0000000000005,16736 4051.0000000000005,16736 4059.9999999999995,16746 4064))	1	35200	POLYGON ((16746 4063,16746 4054,16738 4050,16737 4050,16736 4058.9999999999995,16746 4063))	96.5	89.5	103.056	82.9444	0.804852	9
1	31676	POLYGON ((15173.999999999998 4850,15181.999999999998 4848,15181 4841,15171 4838,15170 4838,15173.999999999998 4850))	1	30669	POLYGON ((15173.999999999998 4848,15181.999999999998 4848,15181.999999999998 4840,15178 4836,15172.000000000002 4836,15173.999999999998 4848))	90.5	100	123.386	67.114	0.543936	9
1	28714	POLYGON ((14196 3279,14204 3279,14208 3274.0000000000005,14206 3254,14200.000000000002 3254,14201.999999999998 3260.9999999999995,14192.000000000002 3265,14192.000000000002 3274.0000000000005,14196 3279))	1	27698	POLYGON ((14196.999999999998 3279,14206 3277,14208 3273,14206 3254,14200.000000000002 3254,14201 3260.9999999999995,14192.000000000002 3264,14192.000000000002 3272,14196.999999999998 3279))	277	273.5	288.247	262.253	0.909823	9
1	31674	POLYGON ((15181.999999999998 3263,15181.999999999998 3254,15178 3250,15170 3250,15168.999999999998 3257,15172.000000000002 3262,15181.999999999998 3263))	1	30663	POLYGON ((15175 3264,15181.999999999998 3263,15181.999999999998 3252.9999999999995,15171 3250,15170 3250,15171 3259.9999999999995,15175 3264))	142	131	150.243	122.757	0.817056	9
1	35992	POLYGON ((16744 4395,16744 4390,16737 4386,16736 4386,16736 4392,16744 4395))	1	35201	POLYGON ((16743 4394,16743 4389,16737 4386,16736 4386,16736 4392,16743 4394))	46	40	47.2857	38.7143	0.818731	9
1	31672	POLYGON ((15180 3410,15181.999999999998 3404,15178 3397,15170 3392.9999999999995,15168.999999999998 3392.9999999999995,15168 3399.0000000000005,15172.000000000002 3407.0000000000005,15180 3410))	1	30658	POLYGON ((15181 3408.9999999999995,15180 3400.0000000000005,15170 3392.0000000000005,15168.999999999998 3392.0000000000005,15168 3399.0000000000005,15172.000000000002 3407.0000000000005,15181 3408.9999999999995))	143	132146.77	128.23	0.873686	9
1	36577	POLYGON ((17028 5512,17032 5512,17038 5505,17038 5501,17034 5500,17033 5500,17028 5512))	1	35811	POLYGON ((17028 5512,17036 5508,17037 5501,17032 5501,17028 5512))	67	53.5	70.5798	49.9202	0.707288	9
1	35222	POLYGON ((16414 5405,16420 5403,16420 5399,16416 5399,16414 5405))	1	34417	POLYGON ((16413 5405,16420 5403,16420 5399,16415 5399,16413 5405))	24	29	29.8421	23.1579	0.776014	9
1	25991	POLYGON ((13305 5037,13304.000000000002 5030,13299.000000000002 5030,13298 5036,13305 5037))	1	25025	POLYGON ((13304.000000000002 5038,13304.000000000002 5031,13299.000000000002 5031,13298 5036,13304.000000000002 5038))	39	33.5	42.4286	30.0714	0.708754	9
1	31671	POLYGON ((15172.000000000002 2292,15176 2292,15180 2287,15180 2277,15176 2271,15171 2271,15168 2273,15168 2287,15172.000000000002 2292))	1	30657	POLYGON ((15172.000000000002 2292,15176 2292,15180 2287,15180 2276,15176 2270,15171 2270,15168 2273,15168 2287,15172.000000000002 2292))	217	227.5	227.5	217	0.953846	9
1	28713	POLYGON ((14195 2507,14201.999999999998 2507,14204 2497,14200.000000000002 2493,14193 2493,14192.000000000002 2503,14195 2507))	1	27697	POLYGON ((14195 2507,14201.999999999998 2507,14204 2496,14196 2492,14195 2492,14192.000000000002 2494,14192.000000000002 2503,14195 2507))	139	144	147.012	135.988	0.925008	9
1	35223	POLYGON ((16420 5612,16428 5612,16428 5602,16420 5600,16421 5591,16417 5591,16414 5607,16420 5612))	1	34419	POLYGON ((16420 5613,16428 5613,16428 5602,16421 5600,16425 5590,16418 5590,16414 5599,16414 5607,16420 5613))	179.5	229	229.601	178.899	0.779177	9
1	25975	POLYGON ((13294.000000000002 1924,13306 1922.0000000000002,13306 1916,13299.000000000002 1911.0000000000002,13298 1911.0000000000002,13293 1914,13294.000000000002 1924))	1	25009	POLYGON ((13303 1925,13306 1916,13303 1911.0000000000002,13297 1911.0000000000002,13293 1914,13294.000000000002 1923,13303 1925))	127	139.5	147.639	118.861	0.805083	9
1	31665	POLYGON ((15176 2737,15178 2728,15173 2720,15166 2720,15166 2732,15176 2737))	1	30651	POLYGON ((15178 2736,15176 2724,15172.000000000002 2719,15166 2719,15168 2735,15178 2736))	150	149	166.5	132.5	0.795795	9
1	36981	POLYGON ((17248 4729,17257 4729,17258 4722,17251 4720,17250 4720,17248 4729))	1	36244	POLYGON ((17254 4731,17258 4728,17258 4722,17251 4720,17250 4720,17247 4728,17254 4731))	70.5	85.5	85.8945	70.1055	0.816182	9
1	31663	POLYGON ((15170 3805,15170 3799.9999999999995,15165 3799.9999999999995,15165 3804,15170 3805))	1	30639	POLYGON ((15166 3805,15170 3805,15172.000000000002 3794,15163.999999999998 3790,15163 3790,15162.000000000002 3799.0000000000005,15166 3805))	22.5	106.5	106.596	22.4038	0.210175	9
1	35995	POLYGON ((16746 5217,16750 5214,16752 5205,16748 5195,16743 5194,16742 5194,16738 5198,16738 5209,16740 5215,16746 5217))	1	35205	POLYGON ((16742 5217,16746 5217,16752 5211,16752 5205,16748 5196,16742 5195,16741 5195,16738 5198,16739 5213,16742 5217))	250.5	243	259.54	233.96	0.90144	9
1	31659	POLYGON ((15173.999999999998 2081,15172.000000000002 2066,15165 2064,15163.999999999998 2064,15168 2079,15173.999999999998 2081))	1	30646	POLYGON ((15171 2082,15176 2082,15176 2071,15172.000000000002 2069,15172.000000000002 2065,15165 2064,15163.999999999998 2064,15163.999999999998 2071,15168 2079,15171 2082))	100	156	156.643	99.3571	0.634291	9
1	28712	POLYGON ((14204 1317,14206 1310,14193 1306,14192.000000000002 1306,14195 1315,14204 1317))	1	27696	POLYGON ((14196 1316,14206 1315,14206 1310,14193 1306,14192.000000000002 1306,14196 1316))	92.5	89	97.248	84.252	0.866363	9